fled 7.2 4.2 80.8 7.8
pointed at 7.2 3.6 0 89.2
pulled 6 5.4 75.4 13.2
pushed 7.2 3.6 1.2 88
walked 9 3.6 24 62.9
hunted 9.6 20.4 1.8 68.3
impacted 7.2 37.1 3 52.7
perched 12 76 6.6 5.4
showed 15 9 10.2 65.9
smashed 3.6 66.5 1.2 28.7
bombed 4.8 86.8 1.8 6.6
flew 37.7 44.3 15 3
floated 32.9 56.3 7.8 3
lifted 87.4 9.6 2.4 0.6
sank 22.2 71.9 4.2 1.8
argued with 11.4 13.8 12.6 62.3
gave to 8.4 9.6 1.2 80.8
offended 9 31.7 24.6 34.7
rushed 10.2 10.8 23.4 55.1
warned 10.8 22.2 6 61.1
owned 5.4 55.7 18.6 20.4
regretted 19.8 24 41.3 15
rested 14.4 36.5 40.1 9
tempted 16.8 11.4 45.5 26.3
wanted 15.6 7.8 15.6 61.1
hoped 45.5 15.6 7.2 31.7
increased 73.7 7.2 9.6 9
obeyed 22.8 4.2 64.7 8.4
respected 53.9 3 14.4 28.7
succeeded 40.1 35.9 10.8 13.2